2.12
2.07
2.065
2.1
2.065
2.105
2.095
2.06
2.08
2.075
2.125
2.07
2.095
2.055
2.13
2.035
2.1
2.085
2.075
2.055
2.09
2.1
2.08
2.06
2.08
2.055
2.095
2.065
2.08
2.075
2.095
2.14
2.075
2.1
2.125
2.075
2.12
2.09
2.075
2.06
2.04
2.07
2.05
2.075
2.08
2.09
2.055
2.055
2.06
2.085
2.08
2.07
2.14
2.095
2.085
2.115
2.085
2.075
2.04
2.12
2.085
2.1
2.1
2.115
2.075
2.08
2.12
2.095
2.075
2.115
2.1
2.075
2.075
2.085
2.06
2.1
2.09
2.055
2.05
2.08
2.07
2.16
2.1
2.09
2.06
2.04
2.035
2.12
2.065
2.125
2.11
2.15
2.085
2.13
2.0300000000000002
2.1
2.08
2.085
2.13
2.05
