0.0532975986277871
0.05293807641633712
0.05364736957957276
0.052753246753246524
0.05264362755888159
0.05178579140574365
0.05369928400954628
0.05258605472197678
0.05239510489510469
0.05391456736035026
0.05455828877005329
0.05364953886692994
0.05181167281405923
0.05279362972793608
0.052151088348271216
0.053687737324100746
0.05445454545454523
0.05308044473512079
0.05330996714129227
0.053563370935633486
0.053658112222705265
0.051532467532467305
0.05322115384615364
0.052996469549867406
0.05291958041958024
0.05295288652952865
0.05402473421566481
0.05277569887739354
0.05391608391608364
0.052863088718510184
0.05334779778693838
0.0536151231945622
0.0530076670317632
0.05214285714285693
0.052363636363636126
0.053717415115005246
0.05286020583190374
0.051518051326663566
0.053178532311062184
0.05278464254192386
0.054478609625668216
0.05187088274044771
0.053401330376939914
0.05258707557502716
0.05204108391608365
0.0527707698999563
0.05279362972793606
0.05347047113470449
0.05401588702559558
0.053878351863963156
0.053286713286713014
0.05309617918313553
0.05265930331350864
0.054128878281622696
0.05357750163505538
0.05417150225660841
0.05437540876389775
0.05387513691128129
0.0524999999999998
0.0523970840480272
0.05266187050359694
0.052584415584415366
0.052519480519480286
0.053178594455189944
0.0535465498357062
0.05238199300699276
0.053143224699828254
0.05330874376220418
0.05313910186199318
0.053436492585428534
0.05327272727272708
0.05240306681270519
0.05350711938663718
0.05271419228253736
0.05344660194174737
0.052597402597402386
0.05280991735537167
0.05413404114134024
0.05328159645232793
0.05503059440559423
0.0535573122529643
0.054558080808080625
0.0518571428571426
0.05431056981296187
0.053526037069726154
0.05315508021390354
0.05324547688184027
0.05180531732418506
0.05282852740479839
0.052787165775400824
0.0533175355450235
0.05323890063424928
0.05360366252452563
0.05316261203585124
0.05279892521271809
0.05259740259740239
0.05238199300699284
0.05228253760627835
0.053854033290652796
0.052935698447893365
