0.11299090909090866
0.10958181818181782
0.11078181818181775
0.1107818181818177
0.10870909090909049
0.10900909090909039
0.11249999999999946
0.10832727272727216
0.10898181818181776
0.1118727272727268
0.11593636363636324
0.11105454545454498
0.1085454545454541
0.10849090909090865
0.11108181818181768
0.10925454545454502
0.11435454545454499
0.11067272727272684
0.11061818181818146
0.11007272727272682
0.11214545454545399
0.10821818181818134
0.11069999999999958
0.10917272727272687
0.1100727272727269
0.10881818181818138
0.11318181818181779
0.10898181818181767
0.11214545454545398
0.10969090909090864
0.11176363636363591
0.11473636363636311
0.10999090909090864
0.10949999999999956
0.11127272727272677
0.11146363636363589
0.11206363636363594
0.10767272727272685
0.11034545454545404
0.10873636363636316
0.11113636363636316
0.10737272727272675
0.10947272727272682
0.10911818181818136
0.10824545454545399
0.11029090909090866
0.10849090909090861
0.10988181818181773
0.1112727272727269
0.11233636363636318
0.11083636363636307
0.10990909090909054
0.1126909090909085
0.11339999999999956
0.11170909090909047
0.1145727272727268
0.1133727272727268
0.11179090909090869
0.10709999999999958
0.11108181818181766
0.10979999999999962
0.11042727272727228
0.1102909090909086
0.11247272727272674
0.11110909090909037
0.10895454545454494
0.1126636363636359
0.11168181818181777
0.11026363636363586
0.11301818181818137
0.11187272727272687
0.10873636363636328
0.11102727272727216
0.1099090909090904
0.11009999999999959
0.11045454545454501
0.11037272727272678
0.1112454545454542
0.10922727272727226
0.11446363636363599
0.1108636363636361
0.11784545454545416
0.10889999999999947
0.1135090909090903
0.11026363636363588
0.10843636363636322
0.10835454545454495
0.10982727272727233
0.10909090909090867
0.11217272727272676
0.11249999999999957
0.11446363636363593
0.11176363636363593
0.11323636363636312
0.10718181818181774
0.11045454545454503
0.10895454545454511
0.10900909090909036
0.11470909090909046
0.10851818181818139
