1.012
1.034
1.044
0.996
1.01
1.024
1.022
1.032
1.022
1.008
1.028
1.012
1.002
1.028
1.018
0.99
1.03
1.056
0.974
1.01
1.026
0.972
0.988
0.974
1.09
0.988
1.018
1.024
1.014
0.978
1.038
0.984
1.022
1.036
1.02
1.092
1.026
0.966
1.002
1.042
1.01
0.988
1.024
1.018
1.022
1.094
1.046
1.03
1.03
1.052
1.07
1.022
1.066
1.03
0.966
0.99
1.016
0.99
1.034
1.076
1.056
1.056
1.038
1.052
1.02
1.046
1.054
1.044
0.96
1.038
1.014
1.008
1.062
1.048
1.074
1.024
1.058
1.022
0.986
1.0
0.996
1.026
0.984
1.016
1.04
1.024
1.008
1.022
1.008
1.004
1.042
1.034
0.992
1.048
1.046
1.046
1.048
1.078
1.002
1.056
