0.052581818181817945
0.05264727272727244
0.05346545454545431
0.05142545454545439
0.05182909090909072
0.051436363636363475
0.05358545454545438
0.05413090909090891
0.053879999999999754
0.05143636363636346
0.05348727272727254
0.05187272727272709
0.0513490909090907
0.051621818181818
0.051458181818181674
0.04983272727272707
0.05365090909090891
0.05251636363636342
0.049669090909090725
0.051741818181818014
0.052789090909090716
0.04942909090909068
0.050192727272727104
0.05034545454545437
0.05747999999999983
0.051469090909090714
0.05137090909090895
0.052189090909090755
0.05222181818181799
0.04982181818181801
0.05347636363636342
0.04979999999999981
0.0526690909090907
0.053836363636363446
0.053072727272727035
0.05551636363636336
0.05165454545454526
0.04986545454545436
0.050901818181818034
0.05401090909090889
0.05240727272727252
0.050574545454545296
0.05143636363636344
0.0513927272727271
0.052527272727272575
0.056029090909090716
0.05434909090909068
0.05339999999999987
0.05223272727272708
0.05270181818181801
0.05479636363636347
0.05186181818181804
0.05626909090909073
0.054119999999999814
0.04982181818181797
0.050356363636363456
0.05188363636363622
0.05054181818181794
0.05295272727272707
0.054894545454545224
0.05336727272727252
0.05346545454545441
0.0523309090909089
0.05374909090909069
0.05240727272727259
0.05386909090909075
0.05444727272727258
0.05356363636363619
0.04919999999999983
0.05350909090909067
0.05211272727272711
0.05186181818181799
0.05442545454545426
0.05471999999999983
0.054872727272727094
0.052319999999999846
0.05372727272727247
0.05105454545454526
0.050389090909090654
0.05126181818181796
0.05078181818181799
0.051381818181817966
0.05055272727272704
0.0508145454545452
0.05307272727272704
0.051959999999999784
0.05101090909090894
0.05191636363636347
0.0514909090909089
0.05293090909090894
0.05430545454545438
0.05317090909090889
0.05049818181818165
0.05351999999999974
0.054414545454545264
0.05501454545454523
0.05439272727272706
0.05503636363636346
0.05087999999999974
0.05530909090909078
