0.05195831836148018
0.05091612449446077
0.05121212121212099
0.05163198247535582
0.05131593159315913
0.050230823863636205
0.05243195161003364
0.05245243128964042
0.05272015655577275
0.05102813852813835
0.052030420940926594
0.05125763564498725
0.05124659771366337
0.050215776441457194
0.050548312198606754
0.05033608815426977
0.05208826125330962
0.04973140495867748
0.050994959865596226
0.05122952295229506
0.05145135566188179
0.050852974186307284
0.05080235553919747
0.05168937838342338
0.05273394495412828
0.05209422156790558
0.0504625826040363
0.05096590909090894
0.05150080688542208
0.05094255437813702
0.05151865475564876
0.050609756097560785
0.05153531400106722
0.05196560196560178
0.05203208556149709
0.05083916083916058
0.05034556087187647
0.0516205533596836
0.050800217746325385
0.05183388588378972
0.05188838883888368
0.05118881118881103
0.05023082386363617
0.05048401500267888
0.05139654865682248
0.05121489114176482
0.051958977924560876
0.05184466019417463
0.05071138570167677
0.05009678534393347
0.05121155480033969
0.0507454189645969
0.05278526351697066
0.052543689320388165
0.051575381140598314
0.0508650137741045
0.0510665712240514
0.0510523415977959
0.05121153508000684
0.05101723555255132
0.05053719008264443
0.05063016528925607
0.05041513399894884
0.05109229173867936
0.05137967914438489
0.05150008691117662
0.05165775401069504
0.05130616509926838
0.051249999999999823
0.051550183920125885
0.05139322216245277
0.05145021645021626
0.0512480739599381
0.05221374045801511
0.051091924834941425
0.05109374999999985
0.050781921292318025
0.04995552392812648
0.05110455467453413
0.05126181818181796
0.05098576122672489
0.05007974481658671
0.05137472283813724
0.0500143163922689
0.05103146853146831
0.050742187499999786
0.05060606060606045
0.05079879025084488
0.051082251082250896
0.0527200289750089
0.05211655906473549
0.05142254264111111
0.05090542521994118
0.05106870229007609
0.05202155397184059
0.052595167738570966
0.05190145732130444
0.05105414066453011
0.05077844311377219
0.052376033057851115
