0.05421818181818159
0.055243636363636245
0.052527272727272534
0.05297454545454524
0.0514145454545453
0.05041090909090886
0.05493818181818165
0.04991999999999977
0.05226545454545437
0.05482909090909075
0.05137090909090892
0.05351999999999985
0.0508036363636362
0.051916363636363386
0.05166545454545434
0.05079272727272708
0.05282181818181799
0.05236363636363612
0.05073818181818168
0.05105454545454524
0.05361818181818166
0.04878545454545437
0.054861818181818026
0.05336727272727255
0.05310545454545441
0.052374545454545236
0.05198181818181796
0.05161090909090882
0.05012727272727252
0.05260363636363616
0.05154545454545432
0.05222181818181796
0.05375999999999981
0.05169818181818162
0.05597454545454529
0.05334545454545444
0.051556363636363414
0.05525454545454525
0.054349090909090736
0.0533781818181816
0.05372727272727257
0.05029090909090885
0.052930909090908855
0.053650909090908874
0.051970909090908915
0.05294181818181803
0.05554909090909078
0.055101818181818044
0.04879636363636347
0.05147999999999981
0.05056363636363621
0.05278909090909077
0.05122909090909075
0.05193818181818162
0.052538181818181616
0.053989090909090716
0.053149090909090715
0.05487272727272713
0.050934545454545274
0.050367272727272525
0.05163272727272708
0.049614545454545286
0.05281090909090888
0.049647272727272526
0.05177454545454529
0.05095636363636344
0.05109818181818161
0.05478545454545436
0.05507999999999979
0.05294181818181795
0.05334545454545439
0.05514545454545432
0.051774545454545254
0.05273454545454528
0.05311636363636346
0.04989818181818162
0.0523745454545453
0.054785454545454366
0.05174181818181797
0.053781818181817986
0.048861818181818006
0.05178545454545433
0.049887272727272544
0.051796363636363474
0.05325818181818162
0.05186181818181799
0.053127272727272516
0.05078181818181793
0.05273454545454525
0.05346545454545447
0.0529527272727271
0.05291999999999975
0.0531490909090907
0.052821818181817956
0.05131636363636344
0.05049818181818163
0.051130909090908915
0.05393454545454523
0.05209090909090888
0.05266909090909073
