1.044
1.062
1.02
1.05
1.024
0.996
1.052
0.988
1.042
1.064
1.008
1.024
0.996
1.022
1.022
0.996
1.04
1.018
1.008
1.016
1.048
0.988
1.096
1.04
1.026
1.02
1.036
1.0
0.974
1.034
1.018
1.018
1.034
1.03
1.086
1.04
0.992
1.044
1.06
1.024
1.048
0.984
1.032
1.03
1.014
1.022
1.072
1.096
0.97
1.016
0.988
1.018
1.014
0.998
1.014
1.03
1.024
1.068
0.99
1.024
1.016
0.984
1.034
0.974
1.028
1.016
1.03
1.062
1.09
1.028
1.024
1.066
1.002
1.018
1.042
0.992
1.016
1.074
1.014
1.05
0.9560000000000001
1.02
0.996
1.038
1.022
1.03
1.028
0.982
1.026
1.044
1.04
1.036
1.034
1.036
1.006
1.004
1.024
1.06
1.044
1.04
