0.05193312434691723
0.05201848998459156
0.05149732620320836
0.050451948051947845
0.0502095170454544
0.050613362541073154
0.05222260629104719
0.050526315789473454
0.05015878555225947
0.05153110047846875
0.050963203463203294
0.05226562499999986
0.05100766703176325
0.0507987902508448
0.05055328233410405
0.05099671412924406
0.0507902097902096
0.051437756742275166
0.0503354978354977
0.050250536864709885
0.051162387231089373
0.04937799043062183
0.05005640345056389
0.05131468531468514
0.051759702286017936
0.051347593582887485
0.05017550017549996
0.05161090909090882
0.051465372409930724
0.05087392298224
0.050634041793177126
0.051298446151098194
0.051992263056092655
0.05019240953221517
0.05154193872425901
0.05129370629370619
0.05197214076246312
0.05292580982236135
0.05127272727272711
0.05212713068181797
0.051266481609992906
0.05110864745011062
0.051289640591965946
0.052088261253309585
0.05125336202259262
0.05180217043230727
0.051818181818181694
0.050275381552753684
0.050305529522024196
0.05066929133858249
0.05117776959882207
0.051855688515806256
0.050521785906401134
0.05204226635088339
0.05181280258203315
0.05241659311562205
0.0519034090909089
0.05137895812053102
0.051449035812671996
0.04918678977272707
0.05081961345740854
0.050421286031041956
0.05107438016528905
0.050972559268246946
0.050364343827378685
0.05015390121689315
0.049609885260370495
0.05158705701078565
0.050532110091742924
0.051499823134064156
0.0520951704545453
0.051731195633634444
0.051671203048448355
0.05180210751919968
0.05097539696388048
0.05030058651026373
0.05154974946313513
0.05101066531234112
0.05102743410435697
0.051220779220779035
0.05111068847470503
0.05077005347593561
0.05008762322015316
0.04990015764582223
0.05211172389254562
0.050351279788172804
0.051680226388397386
0.051712645806331906
0.05139819245082383
0.05121212121212114
0.05091608391608375
0.05108108108108084
0.051401441885000676
0.05098631098631077
0.05101030182541097
0.05029699384281039
0.04993252840909074
0.050881646655231344
0.049895506792058314
0.050643356643356466
